12.6
19.9
9.2
6.2
16.0
17.8
19.8
24.2
36.3
45.4
50.9
42.8
36.4
25.9
25.4
24.5
22.7
25.8
33.0
33.7
22.7
24.8
25.5
30.3
25.4
31.4
34.6
34.0
30.7
35.2
44.0
49.1
42.1
36.9
38.1
35.3
30.1
25.9
26.8
33.3
26.2
11.5
7.6
2.7
13.3
8.2
23.7
36.9
46.9
41.9
49.6
52.0
48.9
38.0
43.3
54.0
38.1
20.9
8.7
3.7
9.0
20.2
14.0
1.3
-1.8
-2.1
4.8
27.5
49.7
55.9
52.9
49.8
49.9
50.1
52.4
37.7
40.5
52.1
42.9
47.0
47.8
45.5
48.8
44.4
34.6
31.5
29.0
25.6
28.3
33.6
46.8
50.8
45.1
34.4
47.2
49.3
49.2
40.4
28.3
24.6
24.4
36.3
44.2
40.4
44.3
43.6
39.7
35.1
35.5
35.4
37.6
41.8
45.7
40.8
45.7
37.0
39.3
41.4
36.6
39.1
38.6
43.0
44.5
47.1
49.1
49.8
52.9
53.1
45.3
52.2
56.7
59.2
44.7
45.2
58.7
59.0
49.0
53.3
58.6
52.8
57.3
50.1
47.8
48.4
50.4
52.6
52.3
52.4
55.5
59.4
58.1
65.2
66.6
64.1
61.8
63.5
66.8
58.4
44.5
43.3
46.9
55.0
61.1
70.6
72.8
76.5
77.1
72.7
70.0
68.8
71.1
72.0
63.7
61.9
60.8
61.0
62.0
65.8
58.8
57.0
52.5
58.9
66.1
65.1
64.2
62.9
67.1
71.1
75.4
75.9
79.1
79.6
79.6
77.6
67.1
68.8
65.8
66.8
69.1
66.3
66.0
69.8
64.4
66.3
71.9
68.0
73.5
77.2
72.8
79.3
78.3
62.5
63.6
74.0
69.7
69.1
70.6
75.7
80.2
78.7
66.7
72.6
79.9
79.5
71.0
63.6
73.3
80.5
85.0
72.5
58.6
69.7
74.7
77.1
79.3
80.9
73.1
69.8
74.0
70.5
74.0
73.8
65.0
72.4
79.3
74.7
77.1
75.0
68.1
53.5
52.5
61.1
65.3
67.4
67.9
68.6
60.9
71.4
65.1
56.2
56.0
43.5
38.8
35.2
36.7
53.4
49.3
51.9
54.0
59.6
64.3
65.4
60.3
54.0
51.2
49.4
49.1
42.1
45.2
40.6
50.5
49.8
47.9
61.0
65.8
48.8
44.9
55.8
55.9
57.4
51.6
46.0
41.6
41.7
40.6
34.3
35.0
43.0
43.5
45.4
37.5
37.7
32.4
29.4
25.7
13.7
8.5
18.4
31.2
36.7
26.1
28.0
43.4
23.2
19.4
44.2
36.9
41.1
42.8
43.5
46.0
45.7
48.3
36.2
28.6
42.6
32.9
43.4
43.4
43.3
21.3
14.3
27.1
52.0
47.6
46.5
35.9
40.5
27.3
23.4
21.4
4.7
-2.1
14.6
12.5
10.5
24.8
37.3
34.2
31.6
23.5
19.3
19.8
21.0
22.1
16.4
15.2
23.9
31.5
32.8
25.2
21.5
24.4
28.1
29.7
28.1
13.2
21.3
12.5
1.5
-2.2
7.6
35.8
35.4
37.6
36.9
44.5
46.1
33.8
26.2
42.7
17.0
-4.5
-10.6
-4.4
30.3
11.0
11.6
11.7
2.8
0.1
1.1
0.6
-10.4
-11.0
-5.4
-3.8
-19.0
-11.8
2.2
23.4
37.4
43.4
43.3
47.9
38.1
33.6
35.4
42.0
39.9
26.4
23.9
37.6
38.0
45.4
42.1
37.1
45.0
35.9
43.2
26.2
12.1
4.4
5.5
3.8
25.3
19.2
18.7
19.4
10.4
4.5
-0.6
-4.0
11.3
40.7
44.2
45.8
42.8
39.5
44.8
43.9
34.7
33.1
25.6
26.6
39.1
36.1
39.9
15.0
7.5
18.9
24.8
20.5
20.5
24.6
29.5
33.0
33.6
34.1
29.3
31.3
48.5
46.7
53.2
52.9
62.6
46.2
27.2
31.8
33.7
40.9
47.4
56.7
49.6
49.5
46.4
44.4
37.7
45.7
58.1
51.5
45.4
43.8
38.7
37.9
45.7
42.1
47.6
43.3
38.2
41.6
50.3
49.5
49.9
42.1
32.5
37.3
45.9
51.1
58.4
63.8
65.3
65.6
63.2
60.1
53.2
50.5
57.0
51.4
47.3
45.4
45.1
41.4
43.9
50.8
60.1
58.1
57.8
55.2
56.2
64.0
63.6
57.7
54.0
58.0
68.5
68.1
68.8
65.7
68.0
69.8
64.5
66.8
64.6
69.8
61.2
55.5
64.6
62.1
61.0
70.2
74.8
77.5
77.8
76.6
70.3
68.2
78.7
72.8
77.7
76.4
77.8
69.8
69.6
64.5
62.3
69.2
72.4
66.2
65.0
67.6
70.7
79.0
80.3
76.8
78.7
77.3
73.1
70.9
71.9
67.9
66.3
70.6
69.4
67.2
69.5
67.7
69.5
72.3
78.3
79.2
71.7
67.9
71.9
66.9
72.6
76.8
66.1
73.2
78.9
80.8
74.8
71.4
69.1
74.3
77.4
68.5
71.2
74.8
68.9
71.8
78.1
75.0
67.6
71.4
77.4
73.7
66.5
69.7
71.6
64.5
67.0
73.3
81.7
61.8
58.5
64.8
70.1
71.6
62.4
61.4
62.3
64.1
59.6
60.2
61.1
53.1
49.1
51.2
52.0
52.3
52.7
49.6
44.7
39.5
45.0
58.4
53.8
59.2
56.3
42.9
43.6
58.5
64.0
56.8
52.0
56.6
53.8
50.4
63.4
64.1
58.7
58.7
51.2
44.2
36.6
36.6
54.5
42.5
35.5
35.4
43.4
38.6
43.4
40.8
-99
-99
32.5
25.5
25.6
30.7
38.1
43.4
43.0
35.9
36.6
32.7
31.3
35.3
24.9
19.6
20.5
23.0
27.7
29.7
18.9
13.1
11.6
17.4
19.8
13.6
9.9
8.2
6.5
13.5
13.0
17.7
28.9
32.3
28.4
26.2
31.0
23.5
24.6
25.6
33.3
32.3
25.7
40.4
34.6
32.1
32.5
34.8
26.6
19.6
24.8
9.0
3.5
-2.5
21.8
19.2
-2.1
-6.3
-10.6
-6.1
-10.8
2.8
10.5
-0.6
11.7
35.7
40.9
41.8
38.0
31.5
21.2
17.7
24.8
27.8
21.6
-1.1
-10.2
-9.6
-3.7
7.9
14.4
1.9
4.9
28.4
38.0
35.8
42.2
22.7
16.7
12.5
-5.7
-5.2
-1.9
7.5
19.8
31.4
45.1
38.6
36.5
32.5
27.5
16.3
19.2
19.6
18.4
22.5
23.6
23.2
21.8
31.0
30.9
32.6
36.7
43.5
42.5
36.2
42.3
33.6
30.8
16.5
22.8
31.7
32.1
26.9
28.7
23.5
32.0
28.9
16.5
21.2
22.4
35.9
38.5
35.0
43.7
40.6
26.6
21.5
8.3
15.5
40.9
38.8
29.7
51.3
57.1
51.2
41.4
40.4
41.3
38.4
51.4
54.3
39.9
40.7
40.4
51.8
49.1
40.6
43.8
48.8
27.3
22.2
18.0
15.9
20.6
17.6
16.9
22.8
22.8
39.4
43.7
40.1
51.0
59.0
54.7
55.4
51.6
44.4
41.4
42.8
44.6
48.4
47.7
53.0
44.5
45.7
42.7
40.8
42.0
51.9
55.0
58.6
58.9
50.7
48.9
64.1
54.6
47.4
54.1
52.1
54.0
67.0
67.4
55.5
43.8
47.8
61.0
60.0
58.2
55.2
54.5
47.5
42.1
43.2
50.2
54.1
64.4
70.7
64.4
63.0
63.7
64.7
66.1
66.3
68.7
67.7
63.4
61.4
59.1
58.9
64.2
64.7
65.4
67.8
66.4
66.1
64.8
65.3
72.2
74.0
66.4
61.0
66.1
74.1
71.7
70.4
68.7
70.7
58.4
58.7
59.2
66.4
64.8
70.3
69.7
74.8
78.4
74.0
71.1
67.5
69.8
76.3
81.7
80.4
78.8
71.0
67.8
67.5
71.0
75.1
74.5
73.3
73.9
71.8
67.0
61.8
61.2
71.7
72.5
73.1
75.3
73.2
68.4
68.9
66.4
71.3
67.5
56.5
56.7
64.4
63.0
63.8
66.3
60.3
58.1
62.8
68.4
66.1
67.3
71.7
74.9
74.1
73.6
72.8
69.9
69.9
73.1
70.4
72.9
70.3
59.9
64.4
73.7
68.9
69.3
70.8
66.1
59.3
62.7
68.3
72.0
66.5
72.1
70.0
67.5
60.2
65.8
52.2
44.3
52.5
50.0
52.6
54.2
63.5
65.5
59.8
56.2
57.6
59.5
65.2
67.7
65.8
59.0
62.6
58.5
56.5
54.2
44.6
57.4
63.8
44.6
37.1
47.8
53.4
50.0
57.7
61.4
45.8
40.4
36.2
42.2
46.7
34.6
19.6
15.9
37.3
47.3
45.7
49.5
49.3
48.1
43.3
37.7
45.9
40.0
35.0
43.6
40.5
30.9
18.2
21.7
19.9
26.0
16.4
10.2
17.7
30.1
35.8
33.5
34.0
38.4
30.5
25.3
37.9
41.5
31.6
44.3
37.9
40.3
32.4
37.1
34.5
27.1
25.5
15.5
14.1
21.6
19.4
24.5
26.2
30.9
29.3
42.1
39.9
43.8
34.9
41.9
38.9
29.2
19.2
23.9
32.7
25.2
30.1
28.8
34.1
28.8
32.5
37.8
37.2
30.9
45.9
53.1
12.8
16.0
17.3
24.9
25.7
24.1
5.8
2.2
0.5
-4.9
-2.1
18.7
27.1
32.5
24.3
28.7
24.5
26.3
16.9
23.4
26.5
24.7
35.4
34.8
36.8
38.6
31.6
36.2
38.9
33.2
29.4
29.9
31.4
34.5
33.0
35.0
39.0
35.0
35.5
32.9
35.0
32.3
35.8
37.3
41.6
36.4
35.6
35.8
29.2
31.6
40.6
39.2
34.7
37.4
28.5
25.9
23.1
20.7
19.9
17.4
17.4
13.9
8.9
15.3
11.6
7.9
2.7
-4.2
28.1
35.1
24.2
22.6
32.8
39.2
30.3
29.9
40.8
36.6
39.0
34.1
44.0
54.3
57.3
46.9
36.8
32.7
30.8
33.6
37.8
40.1
42.1
41.9
47.6
44.5
40.3
38.3
38.6
46.8
56.9
61.5
46.0
42.5
40.7
34.8
40.3
40.1
38.1
41.4
46.9
51.1
58.5
63.1
57.5
51.0
45.6
47.9
51.3
58.7
59.7
44.9
55.0
61.6
54.1
58.9
43.6
40.6
43.9
53.3
51.9
52.6
59.3
66.6
59.2
58.6
67.1
65.1
60.2
62.0
57.6
53.7
53.9
52.6
57.0
60.6
68.4
66.9
63.3
69.3
60.6
64.5
56.0
38.8
42.8
45.7
50.1
50.1
47.8
53.5
59.9
60.7
61.6
61.3
59.6
58.9
60.1
55.7
54.3
60.4
61.7
59.8
63.1
64.2
66.8
66.0
73.1
67.7
64.3
68.7
68.0
68.6
73.5
72.1
70.3
73.2
73.1
71.5
73.5
71.2
74.4
75.8
76.2
76.6
77.7
75.9
74.7
80.4
82.6
80.4
83.3
72.4
66.5
64.0
66.3
69.6
72.4
76.2
72.5
65.6
63.8
65.0
71.5
69.3
67.8
64.9
66.4
69.0
69.7
71.4
75.5
71.8
69.0
68.8
73.9
72.3
69.0
83.0
71.5
77.0
75.4
73.6
71.2
74.9
70.8
69.0
66.1
72.7
74.5
75.0
72.8
71.4
74.0
69.4
76.5
80.1
78.3
77.9
71.9
65.8
69.3
79.6
78.6
75.3
71.0
68.0
67.0
66.8
68.6
71.9
73.3
69.3
52.4
46.9
47.9
56.2
59.2
61.3
64.7
56.6
61.7
64.2
55.5
46.7
42.6
43.0
42.4
38.6
46.1
48.8
57.9
58.5
55.7
51.2
42.5
45.5
53.3
47.5
46.2
40.9
43.9
45.0
45.1
45.5
46.5
56.0
56.0
47.7
50.6
51.4
49.7
49.8
39.0
39.5
39.3
38.3
32.2
27.4
27.4
28.5
28.5
27.4
30.2
24.6
23.6
25.4
34.3
41.8
37.6
46.0
37.8
29.9
28.6
34.3
37.8
54.1
39.7
47.4
39.3
46.5
50.7
43.4
52.5
36.6
50.5
50.3
44.3
31.6
31.6
24.4
25.1
27.9
35.1
27.5
35.5
34.7
37.0
44.1
34.6
36.8
39.7
32.1
4.2
-1.2
-7.6
-0.2
1.6
-99
-99
26.4
31.7
36.2
15.5
-99
-99
20.2
7.0
3.6
6.0
32.6
20.2
7.7
11.0
15.5
-99
39.1
32.9
24.2
28.9
39.0
32.1
35.0
23.7
37.2
36.7
34.2
31.5
24.8
13.4
13.8
25.9
24.8
20.2
29.9
30.9
40.5
38.9
30.3
41.8
33.1
43.4
34.3
43.7
47.9
39.4
40.6
26.1
31.4
35.9
43.5
35.2
31.5
30.2
35.3
30.0
31.7
29.4
33.3
30.4
37.8
46.6
46.9
41.1
38.7
41.7
32.1
25.8
37.2
26.5
19.8
22.6
28.8
22.4
25.1
22.7
28.6
26.6
33.4
45.0
49.1
39.7
35.1
44.6
44.5
38.4
41.3
39.0
39.3
40.3
52.8
48.5
37.3
40.2
51.7
49.9
33.2
26.0
22.5
23.4
34.8
42.9
50.3
48.2
45.5
38.8
40.9
40.0
52.2
46.2
36.7
35.3
36.4
50.6
52.7
55.7
46.9
41.4
39.8
43.6
45.2
47.5
50.9
52.4
49.9
52.6
53.9
52.7
51.7
50.6
48.8
49.2
48.5
49.6
49.0
43.2
43.5
47.2
49.2
48.7
48.4
50.5
48.1
54.8
58.8
61.7
58.8
55.9
56.5
61.6
58.1
61.9
59.3
63.0
67.2
57.6
47.3
56.3
64.0
67.4
65.9
63.3
58.3
61.8
65.4
63.0
55.3
53.3
58.8
57.2
58.5
54.7
52.6
57.9
66.5
65.9
71.6
73.3
69.3
61.3
68.0
73.7
68.0
61.7
58.5
60.0
60.1
60.0
63.5
69.1
73.4
71.1
64.5
73.5
77.2
67.1
61.2
67.1
74.7
76.5
76.9
77.9
61.8
62.9
68.2
70.9
68.2
76.3
79.0
74.8
78.6
78.2
71.0
78.2
81.3
82.4
79.6
63.6
59.5
64.4
68.3
70.2
71.4
69.8
69.8
72.0
76.9
73.7
74.3
66.6
59.7
68.9
77.3
67.2
70.5
68.3
68.6
74.6
72.0
70.4
70.1
68.0
73.7
77.9
77.0
74.5
71.4
70.3
78.8
67.6
58.6
54.1
51.3
53.2
65.6
64.3
53.9
55.2
60.2
62.2
49.1
51.0
52.1
52.8
59.5
64.1
63.0
51.3
50.9
55.0
65.3
68.0
64.0
62.7
52.9
40.8
41.8
47.9
53.8
38.2
33.7
35.7
47.7
53.9
53.9
57.4
55.2
56.2
54.3
56.4
56.4
48.7
58.2
48.8
40.9
36.1
46.3
40.0
48.1
56.2
50.0
44.6
50.7
58.3
58.2
48.0
39.8
54.7
49.4
53.3
47.6
31.5
47.1
50.3
43.5
49.2
56.0
61.7
57.5
46.3
53.0
52.7
59.0
46.1
52.4
44.1
44.0
40.1
34.0
38.0
41.5
30.4
31.6
29.3
34.5
36.2
34.5
33.9
34.7
39.6
51.5
38.0
35.4
33.3
25.2
36.1
32.9
27.6
25.6
27.2
31.3
33.1
33.8
32.5
25.7
33.0
35.9
35.4
29.1
11.9
20.9
17.8
34.9
41.3
43.7
36.9
42.4
52.8
44.5
35.8
34.2
26.9
26.4
22.0
14.1
35.8
27.8
27.4
32.4
36.4
30.7
21.9
17.4
21.9
35.8
38.4
26.6
35.3
33.0
30.3
19.4
25.2
31.0
20.9
24.6
16.3
26.2
24.4
28.0
20.9
17.3
17.4
15.9
36.4
36.4
26.8
29.0
33.4
35.2
42.1
41.8
26.8
15.0
22.2
15.2
17.4
23.4
24.0
28.3
22.1
29.6
32.2
48.7
50.9
46.4
43.0
41.0
33.3
34.9
43.9
43.0
34.0
39.2
44.2
45.7
52.2
50.3
41.4
36.1
21.3
22.5
29.6
31.9
33.9
36.3
33.3
28.6
37.2
40.4
40.0
36.6
34.8
39.5
46.7
47.7
40.9
48.1
45.3
40.8
47.1
41.8
39.3
40.8
41.7
33.4
42.0
55.8
38.5
36.6
38.4
44.2
44.4
33.1
40.8
55.2
37.9
20.7
27.3
46.2
53.8
36.6
33.1
39.7
53.2
55.7
49.8
49.7
51.7
49.7
49.0
51.4
50.1
53.7
60.9
65.8
65.1
68.3
60.2
55.9
48.2
52.1
56.8
51.6
44.1
42.1
50.2
56.3
59.0
54.7
46.0
52.5
59.2
60.7
65.5
61.3
55.9
56.5
57.3
57.4
64.2
64.2
53.8
53.7
54.1
50.8
62.5
56.2
54.6
67.1
73.4
77.7
76.0
68.9
66.7
67.9
64.8
61.1
62.8
54.5
52.5
58.0
67.5
59.1
60.2
69.0
69.6
65.6
63.9
59.0
56.5
59.7
62.5
70.8
76.1
74.5
74.8
72.9
71.5
77.6
77.9
76.0
72.0
71.0
73.1
76.7
79.3
80.4
77.7
68.9
63.7
64.3
63.9
61.6
63.4
66.9
72.8
79.7
73.3
73.7
78.3
77.7
74.9
77.2
80.2
77.3
73.7
73.2
77.0
78.8
74.7
72.3
72.1
75.7
85.3
84.7
78.0
76.5
82.9
72.4
71.2
69.5
66.4
75.1
73.3
68.8
69.4
72.1
81.8
81.3
75.2
78.5
69.6
65.8
78.3
62.0
68.0
75.4
73.1
73.3
77.9
72.5
60.2
70.0
71.6
61.5
62.1
61.8
69.9
65.3
66.1
73.5
73.6
79.8
62.9
52.4
51.5
43.1
34.3
38.9
47.6
57.4
59.3
62.3
67.3
64.8
60.4
52.7
46.3
39.8
35.8
30.6
28.6
35.6
49.1
51.9
55.3
56.1
55.6
48.0
43.6
51.4
54.1
56.9
62.8
55.2
58.3
53.0
46.4
52.2
54.4
50.2
48.4
54.9
55.3
53.0
49.6
42.6
40.9
35.5
36.8
40.8
27.1
19.7
23.3
18.0
16.4
16.2
11.2
15.0
19.2
24.3
18.2
18.8
23.5
30.6
22.9
30.4
29.7
34.3
35.0
37.4
28.3
34.7
37.8
29.7
24.7
20.5
22.6
33.5
32.6
22.0
27.6
38.8
28.7
28.7
0.7
-1.9
-9.0
-1.6
11.5
15.1
6.1
11.2
25.7
16.8
26.7
3.0
4.0
12.3
7.4
14.7
17.3
29.9
36.9
28.2
16.4
11.1
13.1
28.8
40.7
44.1
36.6
42.4
38.3
29.0
36.6
34.1
36.1
31.6
28.2
21.0
25.8
20.3
18.2
30.3
18.4
30.8
31.9
34.8
29.0
26.9
33.7
28.7
23.2
24.8
31.1
34.0
25.1
15.3
25.2
40.8
38.5
37.3
29.3
15.6
8.0
-3.9
1.8
-0.5
6.8
17.3
6.5
12.2
7.6
9.0
17.4
35.3
21.9
21.7
27.8
22.0
24.4
20.8
14.0
7.6
13.2
24.5
29.5
34.6
32.1
26.2
30.9
36.9
34.4
37.1
34.5
27.4
33.7
42.4
40.0
30.3
28.6
33.0
40.2
37.8
44.7
42.9
36.5
28.3
24.7
26.5
29.3
36.0
39.9
42.0
38.9
34.2
40.5
37.8
37.8
42.5
41.2
43.8
41.3
43.2
42.5
40.7
41.9
41.0
44.3
41.8
39.2
32.4
34.0
54.5
58.6
49.5
40.5
31.7
34.7
47.4
55.8
63.3
62.3
68.1
64.2
54.1
59.7
48.9
49.4
50.7
45.6
48.1
47.8
57.3
62.9
54.4
52.8
60.9
68.8
74.3
66.8
60.6
57.3
60.2
64.2
56.2
47.7
51.9
54.9
49.1
49.5
56.5
65.7
62.8
59.2
59.0
60.6
59.1
59.9
55.7
50.8
51.3
59.8
59.2
62.2
68.5
67.8
69.6
61.1
60.7
55.2
55.6
60.3
64.3
64.9
56.2
57.9
60.4
65.9
75.4
81.9
80.1
72.3
75.6
78.7
75.7
72.6
58.7
61.7
69.9
73.6
76.9
83.1
75.3
73.3
73.3
71.4
72.2
72.8
75.7
75.5
71.0
76.7
78.2
77.9
76.8
76.4
80.9
76.5
74.7
72.8
73.1
69.2
69.3
75.7
76.3
78.2
74.8
73.6
77.2
82.3
85.1
84.2
81.8
87.3
83.7
67.9
63.7
73.0
72.9
72.2
73.2
70.7
65.6
73.0
68.8
69.9
75.0
79.3
75.3
72.9
73.2
76.6
76.8
72.9
73.5
70.2
67.1
70.4
76.0
78.5
72.1
78.8
81.7
71.5
58.9
52.8
51.4
56.9
69.6
61.8
56.2
54.4
53.1
55.5
55.2
58.9
64.0
63.1
57.3
67.2
50.2
52.1
60.4
61.7
65.2
64.5
68.4
61.4
63.3
66.2
51.6
47.6
40.3
42.8
51.2
60.3
52.1
48.2
42.9
47.4
44.7
43.6
41.3
37.2
51.7
45.6
46.4
50.8
47.8
53.0
49.7
40.2
37.6
35.0
44.4
58.0
40.5
45.7
51.1
48.9
44.2
50.3
49.4
52.0
52.0
47.4
37.2
45.4
47.1
44.2
48.4
46.9
51.0
51.7
47.2
45.3
40.4
25.3
40.4
43.2
41.7
39.1
39.6
32.2
20.9
10.9
4.1
15.1
25.9
25.1
40.0
41.8
37.7
33.9
35.2
35.0
31.8
38.5
31.4
27.3
24.0
25.1
31.4
32.8
28.9
34.6
35.4
24.4
31.6
33.8
23.5
22.7
21.8
26.9
34.6
32.6
22.7
13.6
10.9
7.7
8.3
9.2
25.2
39.6
34.9
31.9
38.0
47.4
44.4
35.1
33.5
32.5
38.9
29.4
17.0
15.5
20.1
12.6
20.3
29.6
33.6
38.8
26.7
26.6
41.9
46.1
31.4
12.9
6.4
13.6
18.2
27.3
32.4
28.0
27.4
29.8
39.3
42.2
37.7
30.1
25.6
39.4
30.9
29.1
40.8
30.2
53.4
44.3
42.6
37.0
31.6
40.0
42.5
43.1
22.7
11.1
8.1
16.2
17.9
5.3
2.5
5.9
33.4
39.5
22.0
17.7
11.3
7.5
15.9
31.6
48.2
36.7
26.7
17.8
19.5
27.9
25.1
23.6
18.6
6.6
7.8
21.9
21.3
15.4
21.4
32.3
33.4
36.3
36.3
34.9
41.9
20.6
17.2
29.1
38.8
57.5
50.8
40.0
48.6
51.3
49.9
52.6
60.1
63.8
59.9
51.6
47.2
48.5
33.4
36.0
31.8
45.2
53.6
40.6
39.0
39.3
43.1
42.9
51.8
49.3
38.4
42.0
54.3
46.4
55.1
47.3
37.2
42.0
41.1
47.2
43.2
48.2
53.9
60.1
61.4
50.5
47.3
50.6
51.7
53.0
62.9
58.3
44.0
39.0
53.9
60.4
60.4
66.2
69.9
71.8
68.8
71.5
62.5
58.6
59.5
59.1
69.0
66.1
64.6
71.7
67.9
62.2
62.1
59.2
62.4
68.0
69.5
74.6
-99
-99
-99
-99
81.9
76.5
78.6
80.2
79.9
81.1
86.2
89.4
84.0
78.4
76.9
76.8
85.2
79.7
79.1
75.5
78.3
79.0
71.1
66.2
70.9
77.8
82.0
89.3
88.4
86.7
80.9
82.0
85.1
71.1
69.8
75.1
79.0
79.2
76.4
76.7
73.1
75.0
82.2
83.2
71.4
69.5
82.1
71.4
68.4
75.7
84.9
77.0
65.2
68.8
76.0
62.4
63.5
74.4
69.5
72.4
59.2
60.7
65.3
72.8
69.3
68.8
70.7
69.4
70.4
71.4
59.4
70.8
74.0
75.3
76.9
77.2
71.2
71.3
79.2
77.5
82.1
-99
72.6
60.8
60.5
64.2
61.0
57.9
61.0
64.9
69.7
71.6
59.0
56.6
55.7
51.9
47.4
49.6
52.6
46.1
47.3
49.5
45.7
54.3
65.1
49.2
40.7
44.0
48.9
45.7
44.6
52.6
49.6
49.2
52.7
52.5
38.9
40.4
50.2
43.2
41.7
40.8
48.6
41.3
45.5
34.8
27.8
21.9
25.8
32.8
37.0
35.1
35.6
28.8
15.5
14.4
15.0
21.6
32.3
32.6
39.1
42.0
46.2
48.6
49.6
34.8
34.5
40.2
46.2
41.8
41.0
37.6
44.7
41.7
44.1
52.7
50.4
45.9
38.0
24.0
14.5
18.7
26.8
38.8
46.1
32.1
37.6
37.4
25.8
14.1
13.6
30.7
31.6
27.8
31.6
36.2
39.5
35.5
33.2
40.2
43.9
43.8
38.5
34.3
35.1
32.6
22.3
16.7
17.8
16.6
22.5
21.5
32.4
46.6
41.2
39.5
26.1
31.1
27.0
39.4
45.9
34.6
37.9
40.5
46.5
31.0
15.3
12.2
26.7
25.8
14.5
13.6
13.7
12.6
23.5
34.5
27.1
11.1
3.2
-1.0
27.4
21.5
5.1
35.8
38.9
30.1
35.3
37.9
44.9
36.7
23.4
22.3
18.8
10.8
5.4
27.0
15.1
18.8
24.9
21.7
27.1
27.0
16.5
28.3
41.1
36.6
34.8
36.3
32.8
11.4
1.0
-5.0
2.0
18.4
23.3
26.3
-99
18.4
30.5
9.8
14.3
23.5
19.2
6.0
6.0
18.8
38.7
30.8
49.1
56.3
58.3
50.1
48.4
35.4
34.3
39.1
39.2
46.9
48.4
42.2
40.4
44.9
35.7
30.3
26.6
39.9
59.3
58.2
42.8
37.4
34.5
33.0
34.9
31.8
40.4
51.2
57.6
54.0
61.9
65.3
63.2
55.3
46.7
48.4
45.3
41.2
49.1
51.3
53.1
53.2
47.9
45.0
55.3
52.6
48.1
44.8
43.3
44.7
48.5
54.9
50.7
52.1
44.1
48.1
51.3
45.7
44.3
45.4
49.5
56.6
54.2
56.0
62.7
54.8
55.9
46.6
43.2
53.5
59.4
60.3
64.0
61.5
66.1
68.7
70.9
72.0
70.6
57.8
54.9
59.3
57.0
55.6
54.9
54.1
49.2
55.1
61.1
60.6
60.4
64.2
63.5
67.1
70.1
73.7
69.1
68.8
69.5
72.6
70.8
66.4
65.2
53.8
52.7
58.9
67.4
59.9
63.8
71.9
81.6
82.6
79.0
75.4
69.7
70.0
69.4
73.8
75.5
73.7
72.7
74.4
81.3
81.4
77.5
83.6
84.3
77.7
81.0
85.4
77.2
72.5
74.7
87.1
88.3
84.0
73.3
73.0
79.0
75.5
77.1
72.5
72.4
75.8
79.5
77.8
72.5
77.2
79.5
77.4
77.5
75.9
79.2
82.0
83.9
83.7
81.8
80.3
74.5
73.7
77.0
73.0
78.3
88.9
80.8
79.8
79.0
82.7
77.0
63.4
55.8
60.1
67.0
70.6
64.6
69.4
79.0
76.5
76.8
71.9
68.2
61.2
58.0
59.7
51.7
53.5
62.1
64.1
57.4
44.9
50.8
58.8
54.2
50.5
60.8
56.8
54.5
58.8
53.2
49.0
47.8
46.2
47.3
52.3
57.4
57.2
61.0
63.0
63.5
64.8
64.2
62.5
49.3
51.3
53.4
44.6
43.2
43.1
52.6
65.9
62.1
65.9
66.0
67.2
55.9
52.7
37.5
42.0
51.6
46.3
39.8
33.0
23.3
25.5
25.7
25.6
20.4
14.4
13.7
17.7
17.9
20.7
37.7
39.6
36.3
31.8
41.0
40.9
38.9
45.2
38.6
52.9
50.0
25.9
15.9
7.1
13.8
26.9
22.0
24.2
21.1
36.1
38.0
32.2
30.9
33.0
32.9
23.6
35.5
43.9
32.2
29.4
21.9
15.5
10.8
23.7
31.5
35.3
28.7
37.0
34.4
30.9
40.8
42.5
35.5
32.5
31.6
38.7
33.8
34.2
27.5
21.8
20.4
23.5
38.3
35.3
8.4
2.4
-5.6
-4.2
11.6
23.1
30.9
30.4
38.4
36.1
33.6
40.0
40.0
39.1
32.5
26.1
21.5
34.2
30.8
30.6
40.7
34.6
19.3
1.6
3.3
-3.7
1.0
7.1
19.7
19.5
18.1
12.4
10.2
16.9
10.2
12.7
28.2
25.4
23.2
20.4
9.7
29.1
24.1
26.1
35.0
35.0
42.0
44.4
37.8
33.8
35.5
30.7
34.9
42.7
42.4
47.5
39.2
29.6
24.5
20.4
21.7
24.5
26.5
31.9
33.3
44.2
42.4
43.3
34.3
40.1
46.4
32.2
34.1
43.0
44.7
44.5
59.3
45.9
32.4
35.6
45.6
55.3
58.1
54.5
51.0
45.4
44.5
42.2
50.6
54.8
49.8
41.3
49.3
58.7
55.1
55.3
51.7
44.5
37.1
32.7
32.3
46.6
59.2
59.9
59.6
53.2
54.3
47.8
54.2
49.9
42.4
44.2
48.9
48.4
49.9
61.1
63.0
36.5
42.2
45.4
44.6
60.4
61.5
71.2
60.6
59.8
69.6
64.7
57.4
68.3
41.9
36.4
44.4
53.9
49.0
44.4
52.8
62.5
56.6
58.2
55.8
54.8
54.4
48.2
54.3
61.2
64.1
64.2
54.2
55.0
58.2
56.1
62.0
71.7
71.4
72.6
72.3
61.7
53.5
60.3
59.8
62.9
65.1
64.0
64.6
56.7
54.4
50.9
49.3
57.0
60.8
60.7
66.4
59.2
61.2
63.4
62.5
63.1
70.2
74.5
73.4
78.1
71.3
67.5
61.2
58.5
67.8
70.1
68.6
75.6
73.6
74.9
74.4
78.0
82.1
76.0
76.5
83.8
83.4
79.5
78.0
70.8
60.7
61.0
64.6
73.6
79.3
68.5
67.0
65.5
77.3
79.8
80.3
74.2
64.8
68.8
76.0
76.3
71.5
65.6
62.3
57.0
62.4
58.9
64.2
70.2
70.4
70.5
69.8
58.0
63.1
71.6
76.7
70.6
71.4
72.2
67.3
60.0
58.2
69.6
69.6
76.7
77.1
77.1
68.7
59.1
58.0
60.1
57.0
60.2
71.6
69.3
66.6
73.9
68.4
56.1
55.8
55.6
63.7
73.8
73.3
60.6
48.2
47.9
50.6
56.8
59.9
64.3
60.4
55.2
62.3
59.8
46.9
44.7
57.8
50.1
58.4
58.0
60.6
59.1
59.5
61.1
55.0
54.9
47.9
46.0
48.2
36.5
40.1
44.2
45.7
49.2
53.1
46.3
45.6
49.1
38.0
44.4
48.7
59.1
50.4
42.4
41.3
37.6
34.2
45.0
42.7
47.2
54.7
44.5
44.8
47.3
46.2
34.7
31.6
34.9
36.9
37.5
36.5
52.2
42.2
37.6
30.5
29.8
33.8
30.6
30.3
40.7
41.6
29.8
25.0
18.8
24.1
29.9
31.4
39.7
41.4
31.2
32.5
28.2
39.2
40.7
40.7
43.0
38.6
28.0
26.3
40.1
39.9
37.6
40.5
31.0
42.2
20.2
8.8
2.6
15.0
40.0
27.6
25.1
30.4
35.3
41.7
19.6
14.0
7.2
12.1
6.3
-1.8
-2.9
17.2
14.9
17.2
10.8
18.1
23.9
3.4
-3.9
-0.8
-3.0
12.0
32.0
45.2
46.0
42.0
17.1
38.0
50.0
47.5
34.2
29.6
37.9
32.9
30.8
35.7
32.1
38.8
45.2
48.3
46.8
29.3
17.2
8.3
19.7
28.8
37.3
39.8
48.3
38.7
32.6
23.6
27.9
27.2
29.2
24.5
26.0
31.1
34.0
31.6
41.3
42.0
39.3
27.1
29.6
43.7
42.3
45.0
44.1
49.5
40.1
37.8
41.2
47.2
45.3
48.8
32.6
26.6
25.8
32.6
33.1
28.1
25.2
36.4
35.5
31.2
36.2
34.4
20.7
30.2
43.2
55.3
57.9
44.1
43.9
39.1
52.4
53.9
59.5
53.4
51.1
54.1
62.5
55.5
46.3
42.1
44.1
46.3
55.8
50.9
49.7
62.4
64.9
54.3
39.7
40.9
47.2
42.8
47.1
50.0
44.8
37.0
33.3
33.4
33.3
33.8
35.3
38.3
49.8
57.4
60.8
61.7
52.9
52.9
50.4
41.4
33.7
39.4
47.5
50.2
61.8
64.0
61.0
65.8
70.8
69.7
63.5
63.9
60.7
54.4
53.3
54.6
55.9
51.3
49.8
50.5
57.2
59.3
59.9
61.5
62.4
66.9
65.8
58.9
56.2
56.2
60.4
58.4
57.9
61.4
64.2
69.7
69.6
76.2
75.9
76.2
77.6
77.1
79.4
69.9
71.4
76.4
68.3
71.2
71.8
65.4
65.0
73.9
68.1
67.1
66.2
72.1
77.5
81.1
85.5
82.1
75.2
76.9
81.6
83.7
75.2
85.3
79.5
70.1
81.7
81.9
78.3
79.4
86.8
82.3
70.4
58.0
61.5
73.8
81.1
82.2
78.3
80.4
84.2
75.8
64.5
69.8
79.2
79.4
81.1
77.3
72.2
71.4
65.4
55.0
59.7
65.3
72.8
73.3
69.6
62.2
67.9
71.9
71.1
72.2
70.5
68.2
65.3
70.8
72.3
73.7
75.3
64.2
65.2
72.3
79.9
79.6
77.3
70.0
64.9
74.0
79.9
77.4
68.9
64.5
55.0
56.8
63.3
67.1
67.2
58.8
62.4
66.9
70.6
58.7
59.6
54.0
50.1
56.3
62.3
52.0
53.2
66.4
70.3
65.1
53.4
43.5
34.7
38.8
47.1
52.5
49.8
43.7
46.5
52.6
50.7
57.3
55.7
62.1
58.9
59.9
47.0
49.9
49.9
41.7
33.6
35.3
50.2
49.5
49.3
57.6
52.8
45.7
41.5
50.1
55.4
42.4
39.4
38.5
38.0
43.2
47.8
46.0
44.1
57.6
50.1
39.4
35.3
28.3
21.9
32.1
37.4
43.4
39.2
44.7
45.4
54.3
38.3
40.3
37.0
37.4
22.4
23.1
16.2
12.3
9.8
9.0
7.3
4.2
1.8
1.3
-0.9
21.3
39.7
45.2
37.4
34.1
32.8
26.1
18.6
9.8
2.9
9.9
20.1
36.2
43.5
41.8
44.3
41.2
47.8
45.7
40.8
37.2
31.7
25.1
28.5
27.8
35.4
34.8
37.9
38.6
42.6
37.9
31.0
36.4
46.1
42.0
33.7
41.5
52.9
35.2
26.1
35.0
35.9
31.4
30.9
29.5
31.7
41.8
36.0
39.8
40.7
37.9
34.7
32.5
36.9
31.3
37.9
28.4
28.7
28.3
32.6
29.5
27.0
33.1
25.9
20.8
33.1
43.5
35.0
23.1
12.1
-7.1
-11.5
1.4
15.6
25.5
27.6
29.9
34.0
23.8
32.2
45.7
48.2
53.5
34.1
32.5
42.0
39.8
43.9
51.0
40.7
35.4
31.3
31.6
29.5
22.0
20.5
27.3
23.5
20.4
31.5
27.3
22.1
20.9
23.7
24.3
22.0
24.4
33.9
39.8
41.1
54.8
50.5
44.2
48.7
48.3
46.0
48.6
59.2
53.6
36.9
42.0
56.6
56.6
56.6
54.0
64.1
64.7
62.9
58.2
60.1
43.2
35.0
39.8
44.1
53.1
51.7
33.8
35.4
40.4
53.9
51.5
51.5
49.6
51.8
50.4
47.3
42.1
43.7
51.6
58.1
55.5
45.7
38.8
47.9
50.6
56.2
54.3
54.7
56.9
64.9
68.6
70.4
65.5
60.6
68.7
71.0
69.2
67.3
72.6
71.0
70.0
58.6
59.0
57.0
63.1
67.1
70.9
70.6
72.3
70.0
72.0
71.3
70.0
58.9
61.4
68.6
79.4
82.3
70.4
69.0
70.2
69.5
67.5
70.8
69.7
68.9
69.0
67.6
65.3
68.8
71.7
73.5
81.5
81.9
76.7
71.2
75.5
68.8
70.7
76.5
82.4
82.8
76.1
73.3
76.5
83.9
83.2
81.8
89.0
90.7
82.5
84.4
87.9
74.6
68.2
73.0
80.1
85.6
85.8
77.9
80.0
86.1
86.4
89.8
82.4
73.2
68.9
77.8
82.5
81.9
73.3
77.9
75.5
78.0
78.1
78.1
76.3
69.3
68.7
72.3
79.1
75.7
66.6
64.6
72.9
73.2
77.8
80.3
83.1
64.7
61.5
60.6
62.6
65.9
73.1
71.2
55.7
54.3
56.0
59.0
62.4
66.8
70.1
61.1
55.9
59.1
59.3
62.8
67.4
73.3
70.0
55.3
47.3
43.8
43.6
49.6
53.7
48.8
48.8
51.9
56.4
60.5
53.1
47.1
62.2
62.9
67.6
63.2
60.6
46.4
52.6
64.0
67.1
50.6
44.1
44.1
37.2
31.5
35.7
37.5
49.0
55.6
40.0
32.5
40.0
43.5
30.3
33.0
34.6
43.9
42.8
46.8
43.0
47.4
51.1
37.2
20.4
26.4
23.9
26.7
42.0
48.5
47.2
59.2
58.8
41.8
29.0
30.7
39.9
34.1
36.8
34.9
35.2
42.9
32.9
36.2
48.4
46.3
54.9
40.8
38.7
26.5
16.5
17.8
20.5
7.9
17.0
28.9
18.3
9.2
30.8
37.7
29.2
11.2
38.0
41.3
36.7
26.6
32.1
39.2
47.9
37.5
37.4
25.8
26.0
23.2
33.0
30.6
26.9
34.6
36.7
24.1
38.6
32.0
32.4
27.7
20.2
21.7
24.2
27.6
40.3
39.2
31.7
23.5
31.1
37.0
32.7
41.2
20.4
0.6
5.3
10.7
10.0
19.6
23.7
28.6
25.0
27.4
29.3
25.2
39.6
40.5
42.2
41.4
20.8
16.6
27.2
12.3
19.8
12.5
1.5
3.5
12.7
26.9
37.2
17.0
10.3
9.9
11.9
17.9
14.1
-4.6
-6.0
-9.9
28.0
34.9
41.4
41.0
34.8
41.5
33.2
38.7
34.6
28.5
23.6
23.9
30.5
26.5
21.6
24.1
40.4
39.6
37.4
39.9
46.8
44.6
41.5
47.6
57.9
61.9
42.7
38.4
34.7
47.0
53.5
42.9
52.9
54.8
44.9
49.7
51.0
56.7
58.7
47.2
54.9
36.1
31.6
34.0
40.9
41.4
32.7
28.3
24.0
20.7
20.8
24.7
36.0
43.3
37.6
33.0
38.6
42.7
53.4
56.2
47.1
52.6
53.6
48.8
56.1
53.0
48.3
47.7
48.3
51.1
52.3
59.0
65.0
64.2
55.6
57.8
66.2
55.8
52.3
51.8
51.5
58.6
63.1
62.6
63.5
63.2
72.9
62.8
52.3
54.8
58.8
69.7
69.0
62.7
69.4
58.8
51.9
50.4
58.9
51.1
56.5
71.1
59.2
56.2
52.1
53.8
58.7
67.3
64.8
64.4
71.4
54.2
55.5
64.5
69.8
74.7
72.4
65.1
67.1
68.5
69.0
73.8
64.6
67.0
72.1
74.5
74.4
77.6
84.7
81.1
71.4
68.0
73.9
80.8
80.1
82.1
83.7
74.9
78.0
83.1
80.1
91.9
80.1
76.2
70.8
66.8
73.0
75.7
81.6
78.6
85.0
86.4
82.2
75.2
80.4
87.3
86.6
89.5
89.5
87.0
76.5
73.7
73.0
77.5
80.1
84.4
82.3
74.3
74.0
73.8
79.8
79.7
78.2
75.3
79.5
86.0
80.5
71.0
84.7
82.4
77.9
73.5
77.2
71.0
69.5
70.9
69.2
70.4
62.9
57.9
60.4
72.9
70.6
-99 
60.1
69.5
74.2
80.8
76.6
81.4
75.7
77.9
66.1
64.1
58.5
47.2
48.3
59.4
64.3
59.2
46.8
60.9
68.0
71.0
62.2
57.0
70.6
63.8
66.7
74.6
55.4
49.2
57.1
57.5
62.4
69.3
59.2
59.9
64.4
58.1
60.0
55.7
57.3
47.1
49.1
56.3
48.0
52.6
51.8
52.0
45.4
44.2
43.3
43.8
47.5
47.5
51.9
45.2
41.4
57.3
55.6
62.5
47.1
38.9
43.9
52.6
54.1
41.4
43.2
43.4
41.8
49.0
41.9
29.7
43.3
52.9
49.5
50.5
53.2
44.1
55.6
40.7
30.6
48.3
49.6
45.7
43.8
33.0
25.8
21.3
22.8
27.3
35.8
34.6
21.5
28.7
24.9
16.6
20.6
12.3
30.3
48.4
27.2
26.4
20.8
16.3
14.8
16.7
23.4
11.0
27.5
24.3
17.6
23.7
22.2
30.3
30.8
31.7
35.0
18.2
20.8
25.2
33.6
19.0
16.8
15.9
18.4
20.5
25.0
19.2
13.9
31.2
37.3
44.7
38.7
32.6
24.6
27.8
29.6
34.4
28.8
30.2
32.1
31.0
19.7
13.3
15.4
0.5
8.8
4.0
-0.7
15.4
3.3
18.3
27.3
37.3
42.2
1.3
4.4
15.8
30.1
27.7
25.5
26.4
11.4
16.7
24.2
32.4
18.3
0.7
17.0
-99 
32.1
20.1
24.0
32.3
31.7
18.9
22.3
14.0
20.6
29.7
34.0
37.0
33.3
26.4
33.3
43.2
41.4
45.6
42.8
32.6
39.8
25.8
22.7
13.5
36.4
36.6
50.6
48.8
48.1
39.2
32.0
29.8
28.4
35.4
39.8
36.2
37.9
33.7
32.9
30.7
41.5
43.2
36.9
29.4
30.5
41.4
31.2
27.5
25.8
35.7
39.4
44.4
44.7
33.7
29.2
35.1
36.2
34.5
34.4
39.4
39.7
51.2
65.5
44.2
39.4
45.6
52.3
55.9
34.8
43.6
48.2
41.4
35.1
38.1
38.1
44.0
55.6
58.4
42.3
30.8
34.9
54.1
53.8
59.1
51.0
48.5
43.7
41.3
45.0
53.0
48.2
48.9
53.5
61.0
65.6
64.8
66.8
60.5
57.3
50.7
48.4
55.2
58.2
49.6
40.2
46.3
55.6
58.8
58.9
61.7
63.8
59.8
59.9
56.3
54.6
57.9
55.7
58.6
55.6
55.1
50.5
59.6
62.9
62.5
57.0
62.4
65.1
66.0
64.5
64.4
66.7
66.4
69.9
71.6
69.3
68.8
62.4
63.4
66.7
73.7
67.2
62.3
67.6
75.1
73.1
71.1
66.2
67.5
76.0
74.1
61.2
67.3
71.1
75.4
73.7
72.1
69.7
70.2
71.7
72.7
72.9
75.3
74.0
68.5
75.2
76.9
76.6
74.9
77.6
77.7
74.7
80.5
75.5
68.1
69.5
69.7
72.7
75.2
73.4
73.1
67.2
69.1
71.2
64.0
56.9
63.4
68.5
-99 
71.8
75.7
79.3
71.5
62.1
70.2
74.4
75.0
64.4
66.8
68.4
74.6
80.3
65.4
52.5
51.6
56.4
53.9
53.3
48.6
51.4
56.5
66.0
59.1
55.7
58.6
50.8
56.9
63.8
68.6
70.6
69.7
64.0
67.5
62.2
52.5
-99 
64.3
69.0
58.5
62.9
53.7
56.4
58.0
57.6
56.7
62.8
59.9
54.8
51.2
54.9
45.3
37.8
35.1
37.1
36.4
42.6
44.1
42.4
48.7
52.9
54.3
45.9
46.7
42.4
35.8
39.5
46.2
36.8
30.4
42.0
49.0
58.0
50.0
52.6
54.2
58.2
47.4
43.6
29.6
28.8
32.4
20.3
21.2
31.3
38.5
45.2
35.3
30.9
43.2
33.5
38.7
44.4
27.6
25.7
36.7
36.6
29.9
37.9
34.2
34.8
29.1
32.4
36.8
31.8
37.1
21.3
15.1
16.0
35.4
34.5
34.3
20.2
32.5
34.0
27.0
26.6
-2.4
-12.2
-8.8
4.0
13.0
7.7
-0.9
-1.6
5.8
7.1
4.1
22.2
22.3
18.7
27.9
35.4
35.2
18.3
30.7
20.3
16.9
8.0
13.9
28.2
26.0
31.5
30.9
21.4
32.4
29.5
25.8
17.1
3.5
27.7
41.0
44.7
46.2
41.6
42.0
39.3
17.7
1.2
3.9
2.7
-3.9
22.4
28.5
41.8
38.8
29.8
24.4
23.4
33.8
42.6
44.0
40.3
32.6
35.1
38.5
30.7
28.4
22.6
19.7
24.3
26.6
30.7
22.2
27.0
30.1
18.7
22.7
29.6
39.8
38.4
17.0
5.8
7.3
10.4
28.1
36.4
43.2
40.3
26.9
24.7
31.4
20.0
1.9
-1.3
9.5
25.3
39.8
43.6
46.8
43.7
43.0
41.0
50.6
51.9
60.4
41.8
24.0
31.7
24.6
21.9
32.0
35.9
31.0
23.4
21.1
28.4
31.4
26.3
24.1
20.3
29.9
34.6
-99 
32.2
40.1
43.0
48.4
51.5
53.3
40.4
40.4
43.6
47.5
49.3
55.3
61.0
65.0
41.8
34.4
34.2
36.2
39.3
52.7
44.5
42.1
43.9
49.7
52.4
51.5
56.9
53.6
49.2
44.3
45.7
51.9
60.7
48.7
47.7
52.4
44.8
55.2
66.7
66.0
70.6
54.7
55.7
54.5
57.3
60.9
54.4
53.5
64.5
64.0
65.0
69.8
60.8
52.5
47.2
51.2
56.3
45.4
45.0
46.4
50.8
49.8
49.7
54.5
57.8
62.1
63.6
62.6
63.2
63.1
64.8
64.0
70.2
69.5
68.1
70.2
72.7
74.1
63.6
66.1
70.3
67.3
68.6
70.8
64.1
64.0
65.2
69.7
71.8
67.4
69.2
67.9
67.2
73.3
73.0
69.6
65.1
65.2
63.5
65.7
71.2
73.1
64.8
69.5
73.3
74.1
71.3
75.2
72.2
66.2
61.3
59.1
61.2
62.1
76.9
74.3
68.0
67.7
70.7
73.0
67.8
60.0
65.0
72.0
74.9
75.5
71.7
65.3
58.0
61.2
62.7
64.6
60.4
60.8
66.1
77.1
78.4
68.2
68.3
70.9
69.1
60.6
62.3
65.5
67.7
69.9
63.7
64.3
70.3
70.8
72.2
65.1
59.0
68.9
67.2
54.1
57.1
70.1
70.8
68.4
65.3
66.6
67.9
64.4
53.2
53.2
54.8
55.8
54.1
60.0
58.6
48.5
51.7
61.8
45.5
46.7
37.8
40.0
38.7
39.3
41.3
34.6
29.2
19.7
21.9
25.3
30.9
38.1
39.1
43.7
41.8
57.7
48.8
40.1
37.5
38.1
42.4
46.5
41.2
37.5
45.1
37.0
31.3
32.0
49.6
49.8
43.8
42.4
38.8
43.9
55.2
48.0
45.1
39.4
41.1
43.7
48.7
36.4
30.7
32.0
28.5
39.4
45.3
43.3
34.8
44.5
40.9
35.3
33.4
35.2
36.4
47.2
38.5
31.5
37.8
35.6
23.4
14.8
12.5
23.1
11.4
5.6
5.8
-2.6
6.0
10.0
19.6
5.3
-1.5
-1.2
21.6
33.2
34.7
25.9
33.6
28.8
24.2
20.8
6.2
5.7
15.8
23.8
17.3
13.3
21.9
14.0
5.4
6.1
14.7
15.9
16.6
9.5
-3.1
-9.7
3.2
33.4
31.6
30.4
39.4
35.9
35.3
36.4
34.0
28.0
30.8
31.6
26.7
32.5
30.4
23.2
20.7
15.2
17.8
11.9
19.5
20.1
17.4
13.7
16.2
25.5
22.4
18.1
22.0
25.4
7.4
2.7
9.1
23.6
23.0
29.0
12.8
13.6
13.6
25.9
27.3
24.3
24.1
17.5
18.1
19.5
18.9
32.8
34.7
31.6
27.4
27.9
34.4
30.8
34.4
30.0
30.4
34.3
36.5
37.4
28.2
31.1
36.3
34.6
33.9
37.6
36.4
43.3
44.5
30.6
27.6
38.5
49.4
35.2
34.3
39.8
44.8
41.6
45.3
54.8
60.0
51.4
45.6
36.1
36.7
36.8
39.2
39.0
40.5
41.6
44.7
40.4
50.2
55.8
59.1
52.2
50.2
42.3
43.5
51.8
52.3
51.9
49.1
51.1
51.7
46.3
41.8
38.9
33.3
57.2
50.5
43.5
45.3
43.1
45.5
50.1
46.0
39.2
38.4
37.2
47.4
47.7
40.5
36.9
35.5
49.1
51.9
52.9
55.2
59.3
57.4
54.1
56.6
59.0
57.0
56.6
54.2
57.4
62.6
74.1
66.4
55.5
59.3
59.6
57.6
59.9
59.7
64.5
59.0
58.0
62.3
58.7
65.0
60.5
54.0
51.9
52.3
55.5
65.1
66.2
60.8
61.3
68.2
64.9
67.2
63.8
61.9
73.8
70.3
68.2
68.8
70.2
76.8
75.4
78.0
72.6
62.9
62.6
59.7
59.6
64.7
69.0
71.2
65.8
64.1
73.7
72.7
68.1
76.0
78.5
71.8
70.8
66.7
68.8
67.8
68.4
66.2
71.7
79.0
79.3
68.0
68.2
75.3
78.3
78.1
76.0
68.3
70.0
69.8
73.2
77.0
74.8
71.6
75.6
76.7
79.6
72.7
65.0
64.1
64.4
66.6
72.6
74.1
75.2
78.2
83.1
76.3
63.3
64.7
71.0
76.9
73.4
74.0
71.8
61.2
62.9
61.0
57.5
62.2
68.2
60.1
54.3
62.2
74.1
61.1
58.5
63.1
63.3
64.5
60.9
59.5
58.6
39.6
46.3
57.2
58.6
60.9
53.0
52.6
60.0
61.0
69.0
62.8
66.4
55.9
59.9
50.5
56.4
60.8
68.3
60.8
64.3
67.1
55.1
57.0
57.4
55.0
47.4
56.4
58.2
53.2
43.4
46.3
48.4
51.9
49.6
53.2
52.0
51.5
51.9
44.4
40.5
40.3
47.0
48.7
46.2
50.3
50.1
48.4
40.1
39.4
56.5
58.5
58.3
45.4
38.9
35.3
28.6
34.5
28.5
35.6
31.5
32.1
30.3
32.8
18.2
19.5
10.4
-1.2
7.9
4.2
26.0
29.2
30.1
23.1
22.4
18.6
30.4
29.3
26.4
18.9
21.5
24.9
26.4
39.8
34.8
18.2
9.2
22.6
35.7
36.9
28.7
19.1
17.1
17.3
21.1
16.4
16.0
30.9
22.4
25.6
27.1
37.7
29.2
31.9
16.4
0.9
6.1
12.5
18.0
13.8
24.1
36.5
35.2
20.2
13.3
6.1
-0.2
-3.0
27.4
29.5
14.5
20.3
34.4
12.9
12.2
10.2
27.9
25.0
17.1
33.4
26.5
32.4
42.3
41.3
29.6
18.0
0.8
-8.7
-6.7
17.4
34.9
37.9
29.5
17.6
-1.4
0.0
18.6
32.8
40.3
49.9
38.7
49.4
48.5
46.0
28.1
19.1
7.6
0.5
12.1
20.8
6.1
-6.2
-3.3
12.2
14.5
22.7
-1.1
11.5
23.6
16.6
16.9
6.5
9.1
18.1
30.1
43.7
33.8
31.6
39.8
44.5
50.4
44.8
41.3
45.8
50.3
43.3
40.1
33.8
30.1
30.7
29.6
30.0
32.1
30.5
34.3
43.2
43.7
47.6
49.2
35.4
44.1
45.6
50.2
52.5
42.9
44.1
48.1
50.8
45.0
35.0
35.9
41.3
36.3
33.8
33.1
34.1
48.1
46.6
40.1
42.9
45.4
44.1
43.7
47.9
46.6
39.4
42.7
40.5
45.2
54.5
48.2
54.6
56.3
59.5
58.1
58.4
48.6
44.5
46.6
41.1
44.3
48.2
53.2
51.2
46.6
53.9
53.1
52.1
58.7
55.6
49.5
50.5
54.7
50.9
49.6
51.7
55.3
54.0
66.1
69.1
58.9
65.6
71.2
72.6
55.0
50.7
53.1
55.3
64.3
64.1
63.0
60.2
61.2
60.3
60.9
62.0
59.7
59.1
61.6
62.6
68.3
66.2
66.5
59.4
64.7
79.1
80.0
66.8
66.9
69.6
76.3
72.3
68.1
69.4
74.0
72.8
72.7
70.2
64.3
66.1
76.7
77.9
79.7
85.0
84.0
86.8
80.9
71.5
75.1
73.6
74.1
77.7
71.7
75.0
69.2
73.3
78.6
79.9
85.5
75.1
73.2
70.2
75.6
69.1
69.0
69.7
65.4
64.3
68.0
69.9
67.3
72.4
77.0
74.5
67.9
76.0
66.2
65.2
69.6
77.0
82.4
76.3
77.5
79.9
77.8
77.9
66.7
67.4
74.5
75.2
65.8
62.8
56.7
63.3
69.3
69.5
66.2
64.8
64.2
69.0
71.1
57.2
49.0
42.9
50.8
55.5
56.9
60.8
57.8
49.5
49.0
63.1
71.2
66.5
62.5
67.6
66.7
60.6
53.8
65.0
68.5
70.7
70.0
68.9
63.7
53.7
48.6
45.9
49.9
50.7
55.0
49.1
46.8
49.3
48.2
44.4
46.0
41.8
40.2
52.4
50.3
51.4
46.6
43.1
38.4
31.7
40.3
41.4
42.6
46.1
43.7
34.9
30.3
43.1
41.4
34.3
30.6
33.6
34.2
31.7
43.1
44.3
41.9
37.0
31.7
24.7
23.5
38.0
16.8
5.0
16.1
28.6
35.0
43.2
45.4
36.2
31.8
43.3
33.4
36.7
27.4
23.9
28.3
18.9
12.8
10.9
31.6
23.5
16.4
27.9
34.0
24.3
22.2
25.0
29.2
28.6
32.8
38.7
33.5
25.4
34.0
21.5
22.8
31.5
33.5
40.6
27.6
36.0
41.1
39.1
36.5
28.0
20.3
38.5
39.6
46.7
41.9
27.3
27.3
38.8
41.1
26.8
17.0
29.6
32.1
35.4
17.1
6.7
15.2
0.9
7.2
23.3
38.1
28.6
30.4
28.6
38.1
32.4
27.9
33.9
44.1
40.0
35.1
31.7
33.7
27.7
30.5
29.0
20.9
14.9
23.7
15.5
4.2
17.7
29.8
36.6
31.4
28.1
27.2
27.0
32.2
34.5
29.7
39.0
34.5
25.8
27.2
32.4
18.4
21.5
25.3
33.0
28.7
28.0
39.3
42.0
47.6
33.2
33.5
43.1
50.5
51.3
46.1
50.9
53.9
51.1
57.3
59.8
58.6
56.8
41.3
47.1
47.9
51.4
53.0
43.0
46.5
54.1
50.4
58.1
56.9
63.2
67.2
52.2
42.5
46.0
54.1
57.5
41.7
44.6
43.7
40.0
42.1
56.4
53.8
46.5
42.1
41.9
46.5
46.1
47.2
45.8
55.7
48.8
58.7
71.0
70.4
57.0
54.6
45.0
45.8
50.7
58.1
55.4
57.0
60.2
58.9
51.1
50.6
49.2
52.5
63.0
50.1
48.0
54.8
66.0
63.7
64.5
72.0
66.8
55.8
53.0
64.2
63.9
60.2
50.0
45.1
48.2
54.7
53.8
53.3
51.1
52.6
61.1
64.9
71.9
71.1
77.8
79.7
68.3
57.0
73.5
61.8
63.4
61.4
63.6
71.1
68.4
66.7
74.1
74.0
71.1
62.5
62.9
69.0
75.9
75.7
76.4
82.8
81.0
73.2
77.7
79.1
78.0
83.2
77.9
82.3
76.8
71.9
63.3
68.8
72.7
76.0
81.2
80.4
79.1
82.3
87.5
88.6
77.7
77.0
86.3
86.5
78.1
80.8
83.6
79.8
74.5
72.7
72.9
74.5
79.1
78.1
81.2
81.1
74.3
70.7
64.6
68.0
80.0
80.3
77.3
72.4
73.8
70.7
67.8
69.7
71.9
67.9
61.2
63.8
69.8
60.4
67.0
70.0
73.8
76.0
79.6
70.4
68.2
74.4
81.6
83.0
78.2
72.4
83.7
78.4
67.5
70.1
65.0
63.7
63.0
64.0
65.8
77.9
74.6
61.2
60.4
63.2
69.3
65.0
55.4
58.9
63.6
58.4
62.5
53.4
51.1
57.1
60.9
61.0
62.9
60.7
65.1
70.0
57.3
59.0
53.6
39.2
37.9
36.1
38.2
51.1
41.8
45.2
44.2
44.2
60.4
57.4
55.9
58.4
49.7
45.0
43.6
54.4
54.0
44.8
44.4
39.3
29.8
28.4
30.8
34.4
45.9
54.2
51.0
40.2
40.1
40.0
33.4
40.5
47.4
44.3
46.4
32.1
30.0
15.0
21.7
32.7
33.7
36.7
38.1
44.9
42.5
45.2
43.0
49.8
46.3
24.1
35.4
37.8
25.9
23.5
27.4
30.8
37.5
51.1
44.0
50.8
37.4
40.0
42.1
31.4
27.3
13.3
13.2
27.7
36.0
31.4
30.5
31.1
23.8
22.9
33.0
25.6
22.0
29.4
29.2
13.9
9.2
3.8
1.1
10.3
5.4
17.0
20.2
14.5
16.9
28.2
19.9
21.8
30.6
25.1
34.4
34.0
32.6
39.3
25.7
8.8
9.8
5.7
9.6
39.7
34.3
38.1
38.8
21.4
14.1
12.4
19.4
16.4
34.5
34.4
36.4
30.9
26.4
10.3
8.6
19.6
37.3
36.2
35.1
40.3
37.7
35.9
34.5
27.6
29.3
